,HC clusters,KM clusters,ticker,return,volatility
0,0,2,MSFT,3.413970305192362,0.0174313607517977
1,0,2,AAPL,3.8822511196890073,0.0189645396293853
2,3,0,NVDA,15.296271029759511,0.0297349700755993
3,0,2,TSM,4.591990071776008,0.0183172270676019
4,0,2,ASML,4.528822150698393,0.0208884635206883
5,0,2,ADBE,4.403781510412257,0.0202877020692539
6,0,2,CRM,1.7469447414653936,0.0217053976744733
7,0,2,CSCO,0.9064546045704398,0.0172219165582723
8,0,2,ACN,1.6334830460485144,0.0159282104388411
9,0,2,AVGO,2.889293043152329,0.0222442138041307
10,0,2,INTC,0.6240562550594129,0.020851005344705
11,3,0,SHOP,42.07267533970032,0.0324283884560479
12,0,2,QCOM,2.677482220293093,0.0231795898429483
13,3,0,AMD,38.19230726495731,0.0409466333732783
14,0,2,TXN,2.217656367674678,0.0182523072599069
15,0,2,SAP,0.7592621495813336,0.0173877093538271
16,0,2,INTU,2.911671779817323,0.0184479790018189
17,0,2,SONY,2.8587784023367084,0.0190776585934854
18,0,2,AMAT,3.84048848631618,0.0251095704529999
19,0,2,NOW,5.365560155365317,0.0246315101969791
20,1,1,SNOW,0.1081794264453031,0.0122113507158138
21,0,2,IBM,0.1076470364555539,0.0162006745974187
22,3,0,SQ,17.27371947942905,0.0339070472514905
23,0,2,ADI,1.696890788495216,0.0199411080549408
24,0,2,INFY,1.359061119605427,0.0181759728174032
25,1,1,UBER,0.2268462833774349,0.0233393004354637
26,0,2,LRCX,5.49570603591313,0.0258717019286465
27,0,2,MU,3.542598528931338,0.0301858457628984
28,0,0,ZM,4.440645274193558,0.0278410202569078
29,1,2,WDAY,1.8362925247528743,0.0253016546147982
30,0,2,ADSK,3.717861422777157,0.0238616145859298
31,0,2,FIS,1.3415879012059198,0.0163053051284778
32,0,2,FISV,1.3427984708970482,0.0168357254341533
33,1,1,NET,3.221666555555559,0.0210246276652453
34,1,1,CRWD,2.6520690862069083,0.0247555057596371
35,0,2,KLAC,3.315397443532457,0.0234259002302905
36,0,2,NXPI,0.7427915304535808,0.0249605796058951
37,1,2,MRVL,4.44349555724365,0.0243849834673123
38,1,2,DDOG,1.6215713614266711,0.0214125571300126
39,0,2,FTNT,3.114404632376984,0.023829283033186
40,1,1,DOCU,4.5952681349106514,0.0243709369463848
41,1,1,PLTR,1.4789472631578957,0.0157137875211308
42,0,2,SNPS,4.134481674213424,0.0169376731264309
43,0,2,TEL,0.9861052235673728,0.0178388246310815
44,1,1,PANW,0.8809675623905189,0.0233617089876817
45,0,2,WIT,-0.0732385878720348,0.0175327594960174
46,0,2,XLNX,2.1097335809043347,0.0225439047189536
47,0,2,APH,1.4793499182831815,0.0153344417765312
48,0,2,STM,4.645459914025373,0.0275360115459369
49,1,1,U,1.2453548718465184,0.0132259628330005
50,0,2,CTSH,0.3121584846771854,0.0191264980010376
51,0,2,ANET,2.910767096469687,0.0276729980447769
52,0,2,EPAM,3.4917273814455694,0.0224255154483955
53,1,1,OKTA,9.8149721395151,0.0267937666653915
54,0,2,ANSS,2.8628157570609365,0.0183088228499543
55,0,2,KEYS,3.404468022674231,0.0202788574439495
56,0,2,NOK,-0.3905425293763166,0.0230173826421271
57,0,2,GLW,1.1756114471407648,0.0199993774289912
58,0,2,ZBRA,3.810739664673177,0.0254426532953764
59,0,0,PAYC,9.24580902233364,0.0283087056336075
60,0,2,FTV,0.773658828501133,0.0166957850438712
61,0,2,UMC,4.490699182076214,0.0230996732400014
62,0,2,GRMN,2.791875771009458,0.017172345866251
63,0,2,SWKS,0.9756871921488008,0.0247383776581751
64,0,2,IT,0.7065089685785975,0.0189234514912101
65,1,1,SPLK,1.800230832379456,0.0286371957929672
66,0,2,ON,1.9041703637977083,0.0301888360415229
67,0,2,MPWR,4.598348580902121,0.0240013823552586
68,0,2,CDW,2.1602911492998618,0.0193881030237661
69,0,2,TER,4.9458672468330285,0.0235155124073924
70,0,2,TRMB,1.9310796342809693,0.0216107331206545
71,0,2,GIB,0.7984127346218968,0.0144807728841214
72,0,2,STX,1.3037426762484734,0.0263300669507522
73,0,2,DT,0.8142557651991609,0.0204262079604719
74,0,2,TYL,1.4690044207748123,0.0168935187499113
75,1,0,RNG,15.7389583806961,0.0299078237506295
76,0,2,TDY,3.204440613393518,0.0189788380993149
77,0,2,NTAP,1.4455672772351602,0.0235431584721104
78,0,2,FLT,0.777509792901504,0.021300864164937
79,0,2,HPE,0.4901972175331102,0.0229615276961095
80,0,2,BR,2.047677031593905,0.0151648327093098
81,0,2,SSNC,1.082006420026893,0.020265122866184
82,0,2,ENTG,6.182422189369908,0.0233443805603952
83,3,0,SEDG,15.166159827760865,0.038341381538632
84,0,2,NICE,3.5885399075194195,0.015579791754494
85,0,2,QRVO,1.864748468905088,0.0267289875397039
86,0,2,WDC,0.0123502529431787,0.0306736647853659
87,0,2,AKAM,0.8208463059313276,0.0213450979823232
88,1,1,COUP,9.183594176189738,0.0291011496831122
89,0,2,NUAN,1.385196783874015,0.0205441841691542
90,0,2,ASX,0.198172048917586,0.0228731190893759
91,0,2,CHKP,0.5365318381502877,0.0151445882252527
92,0,2,PCTY,3.601340871508407,0.0274639409129519
93,0,2,PTC,2.310545189301272,0.0212216767806802
94,1,1,AVLR,2.6691144341146997,0.0257740230422883
95,0,0,GLOB,5.215653054307548,0.0273496445125738
96,0,2,CGNX,3.634409668318008,0.025583003314513
97,0,2,OTEX,1.0031672672047265,0.0164745467962862
98,0,2,FFIV,0.6918935030655466,0.0184754542286074
99,0,2,LDOS,1.692898933531981,0.0180460277354491
100,1,1,ZEN,4.542989736638272,0.0269597667051938
101,0,2,FSLR,0.7002405981436959,0.0294384926401291
102,0,0,RUN,8.841134326241104,0.0407279616686793
103,0,2,JKHY,1.1572074521066162,0.0144740359268943
104,0,2,BKI,1.566821706381277,0.0162353730087164
105,0,2,LSCC,6.366559485530561,0.0300605058472162
106,0,0,PAGS,0.9479451730155816,0.0296553255717216
107,0,2,CTXS,1.158960173801999,0.0164744946316761
108,0,2,MANH,0.3743630128624495,0.0258000319110161
109,0,2,FICO,4.334043965113439,0.0221838438859264
110,1,1,WIX,8.875939031052457,0.0308959755173598
111,0,2,SNX,0.8269881363352938,0.02435296875255
112,0,2,AZPN,1.9495018115942,0.0212920403834399
113,0,2,GWRE,1.126011529744197,0.0203223991913724
114,0,2,DAVA,2.0456347997763924,0.021076239121866
115,0,2,JNPR,-0.1643688243858659,0.0179562391694897
116,0,2,SYNA,0.0793864534629125,0.0330459602657459
117,1,2,PEGA,3.58270183023136,0.0217323065062318
118,0,2,ST,0.1480192239446973,0.0211852937112683
119,0,2,JBL,0.7469776874158156,0.0230292227044778
120,0,2,CIEN,1.1064168194499682,0.0262185097543818
121,0,2,STNE,1.6768739393939385,0.0311889459655077
122,1,1,PLAN,1.956790162830858,0.0252506371279899
123,0,0,BRKS,5.506465627563057,0.0301386771804686
124,0,2,IPGP,1.4293311518889005,0.0266106694629054
125,0,2,DLB,1.937799313550283,0.0181567036325547
126,1,1,MSTR,1.192843747470587,0.0240519599410892
127,0,2,MKSI,3.279212728518327,0.0260511285416882
128,1,1,SMAR,2.5533333846153794,0.0272920308000348
129,0,2,ARW,0.6963040673587144,0.0189670461813973
130,0,2,FLEX,0.5689354275741716,0.0273116677405865
131,0,2,DXC,0.022176749801857,0.0353248579609725
132,0,2,OLED,3.348165791039973,0.0323782471896926
133,0,2,DNB,-0.0177514792899421,0.0068696506774021
134,0,2,SLAB,1.359021785846609,0.0250876980508646
135,1,1,WK,3.939083985934437,0.0261071178595911
136,1,1,PSTG,0.6467589949016659,0.0317770843995818
137,0,2,LFUS,1.4331391642647442,0.0221621362179943
138,1,2,CYBR,2.745711630637729,0.0273577921464617
139,1,1,BL,4.627848074774347,0.0257840765486996
140,1,1,AMBA,0.5377658941176662,0.031289152221726
141,0,2,DSGX,1.9730554143365613,0.0182113356658327
142,0,0,VICR,8.873661777301932,0.0338760969231366
143,1,1,VRNS,8.191573606268179,0.026779045125809
144,0,2,IIVI,3.0147991014799107,0.031233517161444
145,0,2,CACI,1.4134159987109949,0.0193328106829525
146,0,2,LITE,3.740000149999988,0.0328224278379707
147,1,1,BB,-0.1564885496183231,0.0298949745514707
148,0,2,NOVT,7.204025052047214,0.0236524115514049
149,0,2,COHR,1.202936980996674,0.0300689313772798
150,0,2,EEFT,0.8651223113946804,0.0236513111910799
151,1,1,FSLY,2.641934264276783,0.0347616902785269
152,1,2,TENB,0.7276032396694225,0.0237884898593731
153,0,2,SMTC,2.5794438718691075,0.0264990272293176
154,0,2,AMKR,1.2007487329839228,0.032806332236388
155,0,2,NATI,0.5938626547815111,0.0205552646913789
156,0,2,NCR,0.3782098312545894,0.0305815432299257
157,1,1,NEWR,0.7967032529283962,0.028985518137557
158,0,0,SPWR,0.5592305111989728,0.0444484371645619
159,0,2,TDC,-0.2664054935163406,0.0221575108463243
160,0,2,QLYS,2.158890530902513,0.0247546053345989
161,0,0,MXL,1.1588466275383462,0.0324283853133665
162,0,2,SPSC,1.9289276620653453,0.0227897082602232
163,0,2,MIME,4.434034416825995,0.0306815784257943
164,0,2,SAIC,1.0543221840038757,0.0217875358413101
165,0,2,MTSI,0.4985026136672976,0.0368297416809486
166,0,2,ROG,1.7730355892857164,0.0285664400869577
167,0,2,DIOD,1.9949021667416296,0.0243339001081376
168,3,0,DQ,16.8136649068323,0.0452100208884078
169,1,1,QTWO,3.604439556040793,0.0246049765401131
170,0,2,PRFT,1.696661120543297,0.0253929690294433
171,1,1,NOVA,3.0115556444444405,0.0294686452994407
172,0,2,CALX,2.795918367346933,0.0325240752457868
173,1,2,SAIL,3.0953847692307868,0.026813703505546
174,0,2,CRUS,1.4916638986563298,0.027960580353237
175,0,2,EXLS,0.8252572646924803,0.0195556659138561
176,0,2,ENV,1.5327791915802158,0.0237411051503864
177,1,1,MNDT,0.0167548059964783,0.0307441943973434
178,0,2,ALRM,4.728128611745753,0.0258465579353463
179,0,2,FN,2.265572222222221,0.0271144424040243
180,0,0,SONO,0.1747864892014079,0.0285607638642082
181,0,1,DDD,0.1696428571428598,0.0407710691081673
182,0,2,XRX,-0.0101254389932483,0.0249891721053192
183,0,2,WNS,1.343089528455288,0.0194032908133349
184,0,2,BLKB,-0.0487410155317447,0.0237796248542724
185,0,2,CCMP,2.8171647119170107,0.026331277290145
186,0,2,DCT,0.0824999750000012,0.0076353265719126
187,1,1,BOX,0.3165571845368309,0.0282058664905325
188,0,2,AVT,-0.1526059062361088,0.0204280373918549
189,0,2,ACIW,0.6297709923664085,0.0227440106706703
190,1,1,RAMP,2.205869557599663,0.0268463497254358
191,1,1,PD,0.0901961045751615,0.0258526111021187
192,0,2,VIAV,1.3442879499217597,0.0216211279617499
193,0,2,FROG,-0.0302515661328665,0.0107152319828804
194,0,0,KLIC,1.878047830948102,0.0254960469350166
195,0,2,NVMI,5.679280794701962,0.0233622638976762
196,1,1,LPSN,6.91730279898221,0.0340964094255141
197,0,2,FORM,3.817469204927231,0.030881740587404
198,0,2,ITRI,1.7021695293226466,0.0262424212795931
199,0,2,SWCH,-0.1945344350977172,0.0220936677629986
200,0,2,MANT,1.926698936366456,0.0213382029256029
201,2,3,SABR,-0.5418580863877274,0.0367484024237964
202,0,2,EVTC,1.4375958316013735,0.0220018809073377
203,0,2,VRNT,0.4321040333894939,0.0229049803400504
204,0,2,CVLT,0.3403533686673163,0.0208184775771506
205,0,2,VSH,0.8858087927213809,0.0234804056384947
206,1,1,ZUO,-0.3035000000000006,0.0290475147687688
207,0,2,JKS,1.4464213742023917,0.0432782622904182
208,0,0,UCTT,4.822429906542062,0.0359106866677446
209,0,2,SWI,-0.0053226889087829,0.019382225657754
210,0,2,PLXS,1.0701429610943096,0.0206760864070129
211,1,2,RMBS,0.4537884263114045,0.021632011034605
212,1,1,EGHT,2.045053091872781,0.032527011963821
213,1,1,VNET,0.6750362469838829,0.039876939558091
214,1,2,PING,0.424166960508858,0.0206583115707521
215,0,2,NTCT,-0.1827123452373286,0.0229183979177092
216,1,1,SSYS,-0.1601135387109851,0.0332478454136401
217,0,2,SATS,-0.3111574702725768,0.0194833163773549
218,0,2,ESE,1.7002589723165755,0.018782979949813
219,0,2,SMCI,0.2102446483180458,0.0338096053711853
220,0,2,PRGS,1.0120364712014025,0.0205874414148837
221,0,0,CSIQ,1.184143400858629,0.0342366908257173
222,0,1,MAXR,-0.3497063423954329,0.0449591017154824
223,1,2,EPAY,0.6828335035098942,0.023651566087263
224,1,1,EB,-0.5041095890410952,0.032209083856108
225,1,0,BAND,6.683499899999987,0.0237096773654452
226,0,2,ACLS,1.7471699056603702,0.0311755834226058
227,1,2,VCRA,2.2521534064212974,0.0263970303319557
228,0,2,COMM,-0.5303189789583245,0.0307713905050019
229,0,2,XPER,-0.2649516373824645,0.0309683349321044
230,0,2,KN,0.1279069767441845,0.0250733120836929
231,1,1,INFN,-0.5338078291814938,0.0399581520178191
232,0,0,HIMX,0.0260095583808563,0.0392545246805534
233,0,2,SPNS,2.027146429158,0.0231837455022691
234,0,1,PI,1.3299945091816712,0.0447992031964918
235,0,2,QADB,1.518574776091194,0.0262181493893705
236,0,2,QADA,1.8171769385900276,0.0205979680396228
237,0,2,MEI,0.0994547050859855,0.0237347708590796
238,0,2,FORTY,2.298768255173796,0.0300718377918644
239,1,1,PAR,7.720833472222221,0.0349652168281576
240,0,2,CSGS,0.398084705300928,0.0185260772544034
241,0,1,SCWX,0.0157142857142862,0.0341002774551549
242,0,0,COHU,2.077485821439228,0.0322375032546211
243,0,2,OSIS,-0.0204896190078722,0.0239051378852279
244,1,1,AVYA,0.1641336678338156,0.0311511899176943
245,0,2,MLAB,1.7681495193877206,0.0239984766465525
246,0,2,PLUS,1.0093670779072443,0.0246823267380328
247,1,1,YEXT,0.1722595078299771,0.0271018880917541
248,0,0,MTLS,5.862025189873414,0.0364766267089841
249,0,2,RDWR,0.688983566646385,0.0167082890829871
250,0,0,GPRO,-0.5886736010270063,0.0398518631606862
251,0,2,FARO,1.3519811737601986,0.027293703580255
252,0,2,EXTR,0.5694760820045555,0.0378120117310578
253,0,2,TTMI,0.7079207920792097,0.0275606516362614
254,1,1,PRO,1.043058350100599,0.0314242579812192
255,0,2,SGH,1.79776959107808,0.0360224969477948
256,0,2,VECO,-0.1784192228310122,0.0357009529638501
257,0,2,ICHR,2.085465711361308,0.0362902939796085
258,1,1,MODN,2.052181351582558,0.0266882087823736
259,0,2,IMOS,1.01315528059739,0.0245851501287292
260,0,2,CNXN,1.2292249960578756,0.0243880168678175
261,1,1,AGYS,2.414590836298937,0.0262051395647888
262,1,1,LASR,0.2115028121891338,0.0315192604051677
263,0,2,CTS,0.856960452568059,0.0225125369633124
264,0,0,EBIX,0.061389616258163,0.0365404071371977
265,0,2,AOSL,1.4320986625514438,0.0337904029630312
266,0,2,MGIC,2.25077712842111,0.020079596401546
267,0,2,AUDC,5.457225392712497,0.0285714613861761
268,1,2,CEVA,0.7991300198050522,0.0279808249934673
269,0,2,HLIT,0.3149466192170875,0.033727402823018
270,0,2,AMSWA,0.9817022012197314,0.0243993764471772
271,0,2,SCSC,-0.3114069874339081,0.0263681507534394
272,0,2,OPRA,-0.3035850495804728,0.0301870530053729
273,1,1,PDFS,0.9251336898395764,0.0275259312206535
274,0,2,BHE,0.3480415715761735,0.0238411714631374
275,0,2,NTGR,0.4658809982465375,0.025637572565833
276,1,1,DMRC,0.3906388168784596,0.0431694340524686
277,0,2,MX,1.431654676258984,0.0347119028766256
278,0,2,PLAB,0.0090415913200707,0.0266884987082358
279,1,1,NPTN,-0.1114369501466251,0.040178217463558
280,0,2,ECOM,0.207860922146633,0.0327422375203535
281,0,2,CMTL,0.1001579214645802,0.0326223172431093
282,0,2,HCKT,-0.1378430196715185,0.0239067910313204
283,1,1,SWIR,-0.1466121993801274,0.0350389771898616
284,1,2,ALLT,1.0076335877862608,0.0245377893271481
285,0,2,ITRN,0.0909619276614361,0.0220774699972926
286,1,2,DSPG,0.5815061963775077,0.0208162744579952
287,0,2,VPG,1.590946502057609,0.0239990713139237
288,1,2,IIIV,0.8092643596730222,0.0262074392611957
289,0,2,CASA,-0.5715277777777785,0.0348996421572159
290,0,2,UEIC,-0.0081300814545299,0.0291954883903589
291,0,2,ZIXI,0.5193661971831023,0.0341009399647451
292,0,2,GILT,0.8766577858390991,0.0242318648097379
293,0,2,BCOV,1.6173541963015587,0.0296894400756654
294,0,0,AXTI,2.782608695652196,0.03964587370743
295,1,1,TUFN,-0.3465968586387435,0.0254060376346574
296,3,0,INS,14.292193356455254,0.0395281007254329
297,0,1,CAMP,-0.4634937804218503,0.0312104805416352
298,1,1,UEPS,-0.6790606653620359,0.0338204881231164
299,0,0,VOXX,1.2307692307692268,0.0412455378070764
300,0,2,MIXT,1.879125680372096,0.0253173853258217
301,0,2,DAKT,-0.375332521977484,0.0251488739941517
302,0,2,IMMR,-0.1674041297935108,0.0351619107486005
303,0,0,ASYS,0.4533029612756321,0.0377411947976206
304,0,2,LYTS,-0.1373297689798742,0.0322662324215301
305,1,1,KVHI,0.1395582329317297,0.0281970270335978
306,0,2,BELFA,-0.1932984495039913,0.0431351281173922
307,0,0,OIIM,4.245714285714275,0.0384104840735585
308,0,2,BELFB,-0.1948543929051999,0.0394030071747372
309,0,2,RELL,0.0224714449212277,0.0191378417387081
310,1,1,GSIT,0.8829516539440221,0.0289446176011363
